HEADER: 600
BGNLIB: 2020, 11, 4, 18, 22, 35, 2020, 11, 4, 18, 22, 35
LIBNAME: "LIBRARY"
UNITS: 0.001, 1e-09
BGNSTR: 2020, 11, 4, 18, 22, 35, 2020, 11, 4, 18, 22, 35
STRNAME: "all"
BOUNDARY
LAYER: 1
DATATYPE: 0
XY: -1470, -1205, -520, -255, -2270, 1205, 2270, 735, 980, -1205, -1470, -1205
ENDEL
BOUNDARY
LAYER: 1
DATATYPE: 0
XY: 3221, -3986, -5641, -2372, -5685, -2300, -4158, 2638, -3202, 2342, -4416, -1579, 2479, -2834, 3572, 1513, -1799, 2376, -1641, 3364, 4763, 2334, 4797, 2283, 3221, -3986
ENDEL
ENDSTR
ENDLIB
